(1.10602, 0.0815959)   (4.93105, 5.0625)   (1.10602, 0.0815959)
(1.23835, 0.215122)   (4.80677, 5.12312)   (1.23835, 0.215122)
(1.39783, 0.404695)   (4.62325, 5.1813)   (1.39783, 0.404695)
(1.58589, 0.656928)   (4.37453, 5.23629)   (1.58589, 0.656928)
(1.80458, 0.982338)   (4.05175, 5.28697)   (1.80458, 0.982338)
(2.05641, 1.39823)   (3.64193, 5.33163)   (2.05641, 1.39823)
(2.34323, 1.93521)   (3.12745, 5.36809)   (2.34323, 1.93521)
(2.66003, 2.65347)   (2.50187, 5.39922)   (2.66003, 2.65347)
(2.96245, 3.68685)   (2.0537, 5.55743)   (2.96245, 3.68685)
(2.98104, 5.74242)   (6.50471, 4.67115)   (2.98104, 5.74242)
(3.21922, 7.85237)   (10.864, 3.96965)   (3.21922, 7.85237)
(3.51939, 9.97753)   (15.198, 3.30867)   (3.51939, 9.97753)
(3.85001, 12.1096)   (19.5203, 2.66497)   (3.85001, 12.1096)
(4.19893, 14.2457)   (23.836, 2.03081)   (4.19893, 14.2457)
(4.56011, 16.3842)   (28.1473, 1.40268)   (4.56011, 16.3842)
(4.93012, 18.5245)   (32.4557, 0.778723)   (4.93012, 18.5245)
(5.30678, 20.666)   (36.7617, 0.15781)   (5.30678, 20.666)
(5.68864, 22.8085)   (41.0661, -0.460778)   (5.68864, 22.8085)
(6.07469, 24.9517)   (45.3691, -1.07753)   (6.07469, 24.9517)
(6.46418, 27.0956)   (49.671, -1.69281)   (6.46418, 27.0956)
(6.85655, 29.2399)   (53.9719, -2.30686)   (6.85655, 29.2399)
(7.25137, 31.3847)   (58.2721, -2.91988)   (7.25137, 31.3847)
(7.64829, 33.5298)   (62.5716, -3.53203)   (7.64829, 33.5298)
(8.04705, 35.6753)   (66.8705, -4.14342)   (8.04705, 35.6753)
(8.44741, 37.821)   (71.169, -4.75416)   (8.44741, 37.821)
(8.84919, 39.9669)   (75.4669, -5.36433)   (8.84919, 39.9669)
(9.25224, 42.1131)   (79.7645, -5.97398)   (9.25224, 42.1131)
(9.65643, 44.2594)   (84.0618, -6.58318)   (9.65643, 44.2594)
(10.0616, 46.4059)   (88.3587, -7.19197)   (10.0616, 46.4059)
(10.4678, 48.5526)   (92.6554, -7.80039)   (10.4678, 48.5526)
(10.8748, 50.6994)   (96.9517, -8.40848)   (10.8748, 50.6994)
(11.2825, 52.8463)   (101.248, -9.01626)   (11.2825, 52.8463)
(11.691, 54.9933)   (105.544, -9.62376)   (11.691, 54.9933)
(12.1002, 57.1405)   (109.84, -10.231)   (12.1002, 57.1405)
(12.5099, 59.2877)   (114.135, -10.838)   (12.5099, 59.2877)
(12.9202, 61.435)   (118.431, -11.4448)   (12.9202, 61.435)
(13.331, 63.5824)   (122.726, -12.0514)   (13.331, 63.5824)
(13.7423, 65.7299)   (127.021, -12.6578)   (13.7423, 65.7299)
(14.1541, 67.8774)   (131.316, -13.2641)   (14.1541, 67.8774)
(14.5663, 70.025)   (135.611, -13.8701)   (14.5663, 70.025)
(14.9789, 72.1727)   (139.905, -14.476)   (14.9789, 72.1727)
(15.3918, 74.3204)   (144.2, -15.0818)   (15.3918, 74.3204)
(15.8052, 76.4682)   (148.494, -15.6874)   (15.8052, 76.4682)
(16.2188, 78.6161)   (152.789, -16.293)   (16.2188, 78.6161)
(16.6328, 80.764)   (157.083, -16.8983)   (16.6328, 80.764)
(17.0471, 82.9119)   (161.377, -17.5036)   (17.0471, 82.9119)
(17.4616, 85.0599)   (165.671, -18.1088)   (17.4616, 85.0599)
(17.8765, 87.2079)   (169.965, -18.7139)   (17.8765, 87.2079)
(18.2916, 89.356)   (174.259, -19.3188)   (18.2916, 89.356)
(18.7069, 91.5041)   (178.553, -19.9237)   (18.7069, 91.5041)
(19.1225, 93.6522)   (182.847, -20.5285)   (19.1225, 93.6522)
(19.5382, 95.8003)   (187.141, -21.1332)   (19.5382, 95.8003)
(19.9542, 97.9485)   (191.434, -21.7378)   (19.9542, 97.9485)
(20.3704, 100.097)   (195.728, -22.3424)   (20.3704, 100.097)
(20.7868, 102.245)   (200.022, -22.9468)   (20.7868, 102.245)
(21.2034, 104.393)   (204.315, -23.5513)   (21.2034, 104.393)
(21.6202, 106.542)   (208.609, -24.1556)   (21.6202, 106.542)
(22.0371, 108.69)   (212.902, -24.7599)   (22.0371, 108.69)
(22.4542, 110.838)   (217.195, -25.3641)   (22.4542, 110.838)
(22.8715, 112.987)   (221.489, -25.9682)   (22.8715, 112.987)
(23.2889, 115.135)   (225.782, -26.5723)   (23.2889, 115.135)
(23.7064, 117.284)   (230.075, -27.1764)   (23.7064, 117.284)
(24.1241, 119.432)   (234.368, -27.7804)   (24.1241, 119.432)
(24.5419, 121.58)   (238.661, -28.3843)   (24.5419, 121.58)
(24.9599, 123.729)   (242.955, -28.9882)   (24.9599, 123.729)
(25.378, 125.877)   (247.248, -29.5921)   (25.378, 125.877)
(25.7962, 128.026)   (251.541, -30.1959)   (25.7962, 128.026)
(26.2145, 130.175)   (255.834, -30.7996)   (26.2145, 130.175)
(26.633, 132.323)   (260.127, -31.4034)   (26.633, 132.323)
(27.0515, 134.472)   (264.42, -32.007)   (27.0515, 134.472)
(27.4702, 136.62)   (268.713, -32.6107)   (27.4702, 136.62)
(27.8889, 138.769)   (273.005, -33.2143)   (27.8889, 138.769)
(28.3078, 140.917)   (277.298, -33.8178)   (28.3078, 140.917)
(28.7267, 143.066)   (281.591, -34.4214)   (28.7267, 143.066)
(29.1458, 145.215)   (285.884, -35.0248)   (29.1458, 145.215)
(29.565, 147.363)   (290.177, -35.6283)   (29.565, 147.363)
(29.9842, 149.512)   (294.469, -36.2317)   (29.9842, 149.512)
(30.4035, 151.661)   (298.762, -36.8351)   (30.4035, 151.661)
(30.8229, 153.81)   (303.055, -37.4385)   (30.8229, 153.81)
(31.2424, 155.958)   (307.347, -38.0418)   (31.2424, 155.958)
(31.662, 158.107)   (311.64, -38.6451)   (31.662, 158.107)
(32.0816, 160.256)   (315.933, -39.2484)   (32.0816, 160.256)
(32.5013, 162.404)   (320.225, -39.8516)   (32.5013, 162.404)
(32.9211, 164.553)   (324.518, -40.4548)   (32.9211, 164.553)
(33.341, 166.702)   (328.81, -41.058)   (33.341, 166.702)
(33.7609, 168.851)   (333.103, -41.6612)   (33.7609, 168.851)
(34.181, 171)   (337.396, -42.2643)   (34.181, 171)
(34.601, 173.148)   (341.688, -42.8675)   (34.601, 173.148)
(35.0212, 175.297)   (345.981, -43.4706)   (35.0212, 175.297)
(35.4414, 177.446)   (350.273, -44.0736)   (35.4414, 177.446)
(35.8616, 179.595)   (354.565, -44.6767)   (35.8616, 179.595)
(36.2819, 181.744)   (358.858, -45.2797)   (36.2819, 181.744)
(36.7023, 183.893)   (363.15, -45.8827)   (36.7023, 183.893)
(37.1227, 186.041)   (367.443, -46.4857)   (37.1227, 186.041)
(37.5432, 188.19)   (371.735, -47.0887)   (37.5432, 188.19)
(37.9638, 190.339)   (376.027, -47.6916)   (37.9638, 190.339)
(38.3844, 192.488)   (380.32, -48.2945)   (38.3844, 192.488)
(38.805, 194.637)   (384.612, -48.8974)   (38.805, 194.637)
(39.2257, 196.786)   (388.904, -49.5003)   (39.2257, 196.786)
(39.6465, 198.935)   (393.197, -50.1032)   (39.6465, 198.935)
(40.0673, 201.084)   (397.489, -50.7061)   (40.0673, 201.084)
(40.4881, 203.233)   (401.781, -51.3089)   (40.4881, 203.233)
(40.909, 205.382)   (406.074, -51.9117)   (40.909, 205.382)
(41.33, 207.531)   (410.366, -52.5145)   (41.33, 207.531)
(41.7509, 209.679)   (414.658, -53.1173)   (41.7509, 209.679)
(42.172, 211.828)   (418.95, -53.7201)   (42.172, 211.828)
(42.593, 213.977)   (423.242, -54.3228)   (42.593, 213.977)
(43.0142, 216.126)   (427.535, -54.9255)   (43.0142, 216.126)
(43.4353, 218.275)   (431.827, -55.5283)   (43.4353, 218.275)
(43.8565, 220.424)   (436.119, -56.131)   (43.8565, 220.424)
(44.2777, 222.573)   (440.411, -56.7337)   (44.2777, 222.573)
(44.699, 224.722)   (444.703, -57.3363)   (44.699, 224.722)
(45.1203, 226.871)   (448.995, -57.939)   (45.1203, 226.871)
(45.5417, 229.02)   (453.288, -58.5417)   (45.5417, 229.02)
(45.9631, 231.169)   (457.58, -59.1443)   (45.9631, 231.169)
(46.3845, 233.318)   (461.872, -59.7469)   (46.3845, 233.318)
(46.806, 235.467)   (466.164, -60.3495)   (46.806, 235.467)
(47.2275, 237.616)   (470.456, -60.9521)   (47.2275, 237.616)
(47.649, 239.765)   (474.748, -61.5547)   (47.649, 239.765)
(48.0705, 241.914)   (479.04, -62.1573)   (48.0705, 241.914)
(48.4921, 244.063)   (483.332, -62.7599)   (48.4921, 244.063)
(48.9138, 246.212)   (487.624, -63.3624)   (48.9138, 246.212)
(49.3354, 248.361)   (491.916, -63.9649)   (49.3354, 248.361)
(49.7571, 250.51)   (496.208, -64.5675)   (49.7571, 250.51)
(50.1788, 252.659)   (500.5, -65.17)   (50.1788, 252.659)
(50.6006, 254.809)   (504.792, -65.7725)   (50.6006, 254.809)
(51.0224, 256.958)   (509.084, -66.375)   (51.0224, 256.958)
(51.4442, 259.107)   (513.376, -66.9775)   (51.4442, 259.107)
(51.866, 261.256)   (517.668, -67.58)   (51.866, 261.256)
(52.2879, 263.405)   (521.96, -68.1824)   (52.2879, 263.405)
(52.7098, 265.554)   (526.252, -68.7849)   (52.7098, 265.554)
(53.1317, 267.703)   (530.544, -69.3873)   (53.1317, 267.703)
(53.5537, 269.852)   (534.836, -69.9898)   (53.5537, 269.852)
(53.9757, 272.001)   (539.128, -70.5922)   (53.9757, 272.001)
(54.3977, 274.15)   (543.42, -71.1946)   (54.3977, 274.15)
(54.8197, 276.299)   (547.712, -71.797)   (54.8197, 276.299)
(55.2417, 278.448)   (552.004, -72.3994)   (55.2417, 278.448)
(55.6638, 280.598)   (556.296, -73.0018)   (55.6638, 280.598)
(56.0859, 282.747)   (560.588, -73.6042)   (56.0859, 282.747)
(56.508, 284.896)   (564.88, -74.2065)   (56.508, 284.896)
(56.9302, 287.045)   (569.172, -74.8089)   (56.9302, 287.045)
(57.3524, 289.194)   (573.464, -75.4113)   (57.3524, 289.194)
(57.7746, 291.343)   (577.756, -76.0136)   (57.7746, 291.343)
(58.1968, 293.492)   (582.047, -76.6159)   (58.1968, 293.492)
(58.619, 295.641)   (586.339, -77.2183)   (58.619, 295.641)
(59.0413, 297.79)   (590.631, -77.8206)   (59.0413, 297.79)
(59.4636, 299.94)   (594.923, -78.4229)   (59.4636, 299.94)
(59.8859, 302.089)   (599.215, -79.0252)   (59.8859, 302.089)
(60.3082, 304.238)   (603.507, -79.6275)   (60.3082, 304.238)
(60.7306, 306.387)   (607.799, -80.2298)   (60.7306, 306.387)
(61.153, 308.536)   (612.09, -80.8321)   (61.153, 308.536)
(61.5753, 310.685)   (616.382, -81.4343)   (61.5753, 310.685)
(61.9978, 312.834)   (620.674, -82.0366)   (61.9978, 312.834)
(62.4202, 314.984)   (624.966, -82.6389)   (62.4202, 314.984)
(62.8426, 317.133)   (629.258, -83.2411)   (62.8426, 317.133)
(63.2651, 319.282)   (633.549, -83.8434)   (63.2651, 319.282)
(63.6876, 321.431)   (637.841, -84.4456)   (63.6876, 321.431)
(64.1101, 323.58)   (642.133, -85.0479)   (64.1101, 323.58)
(64.5326, 325.729)   (646.425, -85.6501)   (64.5326, 325.729)
(64.9552, 327.879)   (650.717, -86.2523)   (64.9552, 327.879)
(65.3777, 330.028)   (655.009, -86.8545)   (65.3777, 330.028)
(65.8003, 332.177)   (659.3, -87.4567)   (65.8003, 332.177)
(66.2229, 334.326)   (663.592, -88.0589)   (66.2229, 334.326)
(66.6455, 336.475)   (667.884, -88.6611)   (66.6455, 336.475)
(67.0682, 338.624)   (672.176, -89.2633)   (67.0682, 338.624)
(67.4908, 340.774)   (676.467, -89.8655)   (67.4908, 340.774)
(67.9135, 342.923)   (680.759, -90.4677)   (67.9135, 342.923)
(68.3362, 345.072)   (685.051, -91.0698)   (68.3362, 345.072)
(68.7589, 347.221)   (689.343, -91.672)   (68.7589, 347.221)
(69.1816, 349.37)   (693.634, -92.2742)   (69.1816, 349.37)
(69.6043, 351.52)   (697.926, -92.8763)   (69.6043, 351.52)
(70.027, 353.669)   (702.218, -93.4785)   (70.027, 353.669)
(70.4498, 355.818)   (706.51, -94.0806)   (70.4498, 355.818)
(70.8726, 357.967)   (710.801, -94.6827)   (70.8726, 357.967)
(71.2954, 360.116)   (715.093, -95.2849)   (71.2954, 360.116)
(71.7182, 362.266)   (719.385, -95.887)   (71.7182, 362.266)
(72.141, 364.415)   (723.676, -96.4891)   (72.141, 364.415)
(72.5638, 366.564)   (727.968, -97.0912)   (72.5638, 366.564)
(72.9867, 368.713)   (732.26, -97.6934)   (72.9867, 368.713)
(73.4095, 370.862)   (736.551, -98.2955)   (73.4095, 370.862)
(73.8324, 373.012)   (740.843, -98.8976)   (73.8324, 373.012)
(74.2553, 375.161)   (745.135, -99.4997)   (74.2553, 375.161)
(74.6782, 377.31)   (749.427, -100.102)   (74.6782, 377.31)
(75.1011, 379.459)   (753.718, -100.704)   (75.1011, 379.459)
(75.5241, 381.609)   (758.01, -101.306)   (75.5241, 381.609)
(75.947, 383.758)   (762.302, -101.908)   (75.947, 383.758)
(76.37, 385.907)   (766.593, -102.51)   (76.37, 385.907)
(76.7929, 388.056)   (770.885, -103.112)   (76.7929, 388.056)
(77.2159, 390.205)   (775.177, -103.714)   (77.2159, 390.205)
(77.6389, 392.355)   (779.468, -104.316)   (77.6389, 392.355)
(78.0619, 394.504)   (783.76, -104.918)   (78.0619, 394.504)
(78.485, 396.653)   (788.052, -105.52)   (78.485, 396.653)
(78.908, 398.802)   (792.343, -106.122)   (78.908, 398.802)
(79.331, 400.952)   (796.635, -106.724)   (79.331, 400.952)
(79.7541, 403.101)   (800.926, -107.326)   (79.7541, 403.101)
(80.1772, 405.25)   (805.218, -107.929)   (80.1772, 405.25)
(80.6003, 407.399)   (809.51, -108.531)   (80.6003, 407.399)
(81.0233, 409.549)   (813.801, -109.133)   (81.0233, 409.549)
(81.4464, 411.698)   (818.093, -109.735)   (81.4464, 411.698)
(81.8696, 413.847)   (822.385, -110.337)   (81.8696, 413.847)
(82.2927, 415.996)   (826.676, -110.939)   (82.2927, 415.996)
(82.7158, 418.146)   (830.968, -111.541)   (82.7158, 418.146)
(83.139, 420.295)   (835.259, -112.143)   (83.139, 420.295)
(83.5621, 422.444)   (839.551, -112.745)   (83.5621, 422.444)
(83.9853, 424.593)   (843.843, -113.347)   (83.9853, 424.593)
(84.4085, 426.743)   (848.134, -113.949)   (84.4085, 426.743)
(84.8317, 428.892)   (852.426, -114.551)   (84.8317, 428.892)
(85.2549, 431.041)   (856.718, -115.153)   (85.2549, 431.041)
(85.6781, 433.19)   (861.009, -115.755)   (85.6781, 433.19)
(86.1013, 435.34)   (865.301, -116.357)   (86.1013, 435.34)
(86.5246, 437.489)   (869.592, -116.959)   (86.5246, 437.489)
(86.9478, 439.638)   (873.884, -117.56)   (86.9478, 439.638)
(87.3711, 441.788)   (878.175, -118.162)   (87.3711, 441.788)
(87.7943, 443.937)   (882.467, -118.764)   (87.7943, 443.937)
(88.2176, 446.086)   (886.759, -119.366)   (88.2176, 446.086)
(88.6409, 448.235)   (891.05, -119.968)   (88.6409, 448.235)
(89.0642, 450.385)   (895.342, -120.57)   (89.0642, 450.385)
(89.4875, 452.534)   (899.633, -121.172)   (89.4875, 452.534)
(89.9108, 454.683)   (903.925, -121.774)   (89.9108, 454.683)
(90.3341, 456.832)   (908.216, -122.376)   (90.3341, 456.832)
(90.7575, 458.982)   (912.508, -122.978)   (90.7575, 458.982)
(91.1808, 461.131)   (916.8, -123.58)   (91.1808, 461.131)
(91.6041, 463.28)   (921.091, -124.182)   (91.6041, 463.28)
(92.0275, 465.43)   (925.383, -124.784)   (92.0275, 465.43)
(92.4509, 467.579)   (929.674, -125.386)   (92.4509, 467.579)
(92.8743, 469.728)   (933.966, -125.988)   (92.8743, 469.728)
(93.2976, 471.878)   (938.257, -126.59)   (93.2976, 471.878)
(93.721, 474.027)   (942.549, -127.192)   (93.721, 474.027)
(94.1444, 476.176)   (946.841, -127.793)   (94.1444, 476.176)
(94.5678, 478.325)   (951.132, -128.395)   (94.5678, 478.325)
(94.9913, 480.475)   (955.424, -128.997)   (94.9913, 480.475)
(95.4147, 482.624)   (959.715, -129.599)   (95.4147, 482.624)
(95.8381, 484.773)   (964.007, -130.201)   (95.8381, 484.773)
(96.2616, 486.923)   (968.298, -130.803)   (96.2616, 486.923)
(96.685, 489.072)   (972.59, -131.405)   (96.685, 489.072)
(97.1085, 491.221)   (976.881, -132.007)   (97.1085, 491.221)
(97.532, 493.37)   (981.173, -132.609)   (97.532, 493.37)
(97.9554, 495.52)   (985.464, -133.211)   (97.9554, 495.52)
(98.3789, 497.669)   (989.756, -133.812)   (98.3789, 497.669)
(98.8024, 499.818)   (994.047, -134.414)   (98.8024, 499.818)
(99.2259, 501.968)   (998.339, -135.016)   (99.2259, 501.968)
(99.6494, 504.117)   (1002.63, -135.618)   (99.6494, 504.117)
(100.073, 506.266)   (1006.92, -136.22)   (100.073, 506.266)
(100.496, 508.416)   (1011.21, -136.822)   (100.496, 508.416)
(100.92, 510.565)   (1015.5, -137.424)   (100.92, 510.565)
(101.344, 512.714)   (1019.8, -138.025)   (101.344, 512.714)
(101.767, 514.864)   (1024.09, -138.627)   (101.767, 514.864)
(102.191, 517.013)   (1028.38, -139.229)   (102.191, 517.013)
(102.614, 519.162)   (1032.67, -139.831)   (102.614, 519.162)
(103.038, 521.311)   (1036.96, -140.433)   (103.038, 521.311)
(103.461, 523.461)   (1041.25, -141.035)   (103.461, 523.461)
(103.885, 525.61)   (1045.55, -141.637)   (103.885, 525.61)
(104.309, 527.759)   (1049.84, -142.238)   (104.309, 527.759)
(104.732, 529.909)   (1054.13, -142.84)   (104.732, 529.909)
(105.156, 532.058)   (1058.42, -143.442)   (105.156, 532.058)
(105.579, 534.207)   (1062.71, -144.044)   (105.579, 534.207)
(106.003, 536.357)   (1067, -144.646)   (106.003, 536.357)
(106.427, 538.506)   (1071.29, -145.248)   (106.427, 538.506)
(106.85, 540.655)   (1075.59, -145.85)   (106.85, 540.655)
(107.274, 542.805)   (1079.88, -146.451)   (107.274, 542.805)
(107.697, 544.954)   (1084.17, -147.053)   (107.697, 544.954)
(108.121, 547.103)   (1088.46, -147.655)   (108.121, 547.103)
(108.545, 549.253)   (1092.75, -148.257)   (108.545, 549.253)
(108.968, 551.402)   (1097.04, -148.859)   (108.968, 551.402)
(109.392, 553.551)   (1101.33, -149.46)   (109.392, 553.551)
(109.816, 555.701)   (1105.63, -150.062)   (109.816, 555.701)
(110.239, 557.85)   (1109.92, -150.664)   (110.239, 557.85)
(110.663, 559.999)   (1114.21, -151.266)   (110.663, 559.999)
(111.087, 562.149)   (1118.5, -151.868)   (111.087, 562.149)
(111.511, 564.298)   (1122.79, -152.469)   (111.511, 564.298)
(111.934, 566.448)   (1127.08, -153.071)   (111.934, 566.448)
(112.358, 568.597)   (1131.38, -153.673)   (112.358, 568.597)
(112.782, 570.746)   (1135.67, -154.275)   (112.782, 570.746)
(113.205, 572.896)   (1139.96, -154.877)   (113.205, 572.896)
(113.629, 575.045)   (1144.25, -155.479)   (113.629, 575.045)
(114.053, 577.194)   (1148.54, -156.08)   (114.053, 577.194)
(114.477, 579.344)   (1152.83, -156.682)   (114.477, 579.344)
(114.9, 581.493)   (1157.12, -157.284)   (114.9, 581.493)
(115.324, 583.642)   (1161.42, -157.886)   (115.324, 583.642)
(115.748, 585.792)   (1165.71, -158.487)   (115.748, 585.792)
(116.172, 587.941)   (1170, -159.089)   (116.172, 587.941)
(116.595, 590.09)   (1174.29, -159.691)   (116.595, 590.09)
(117.019, 592.24)   (1178.58, -160.293)   (117.019, 592.24)
(117.443, 594.389)   (1182.87, -160.895)   (117.443, 594.389)
(117.867, 596.538)   (1187.16, -161.496)   (117.867, 596.538)
(118.29, 598.688)   (1191.46, -162.098)   (118.29, 598.688)
(118.714, 600.837)   (1195.75, -162.7)   (118.714, 600.837)
(119.138, 602.987)   (1200.04, -163.302)   (119.138, 602.987)
(119.562, 605.136)   (1204.33, -163.903)   (119.562, 605.136)
(119.986, 607.285)   (1208.62, -164.505)   (119.986, 607.285)
(120.41, 609.435)   (1212.91, -165.107)   (120.41, 609.435)
(120.833, 611.584)   (1217.2, -165.709)   (120.833, 611.584)
(121.257, 613.733)   (1221.5, -166.311)   (121.257, 613.733)
(121.681, 615.883)   (1225.79, -166.912)   (121.681, 615.883)
(122.105, 618.032)   (1230.08, -167.514)   (122.105, 618.032)
(122.529, 620.181)   (1234.37, -168.116)   (122.529, 620.181)
(122.953, 622.331)   (1238.66, -168.718)   (122.953, 622.331)
(123.376, 624.48)   (1242.95, -169.319)   (123.376, 624.48)
(123.8, 626.629)   (1247.24, -169.921)   (123.8, 626.629)
(124.224, 628.779)   (1251.54, -170.523)   (124.224, 628.779)
(124.648, 630.928)   (1255.83, -171.125)   (124.648, 630.928)
(125.072, 633.077)   (1260.12, -171.726)   (125.072, 633.077)
(125.496, 635.227)   (1264.41, -172.328)   (125.496, 635.227)
(125.92, 637.376)   (1268.7, -172.93)   (125.92, 637.376)
(126.343, 639.526)   (1272.99, -173.532)   (126.343, 639.526)
(126.767, 641.675)   (1277.28, -174.133)   (126.767, 641.675)
(127.191, 643.824)   (1281.57, -174.735)   (127.191, 643.824)
(127.615, 645.974)   (1285.87, -175.337)   (127.615, 645.974)
(128.039, 648.123)   (1290.16, -175.938)   (128.039, 648.123)
(128.463, 650.272)   (1294.45, -176.54)   (128.463, 650.272)
(128.887, 652.422)   (1298.74, -177.142)   (128.887, 652.422)
(129.311, 654.571)   (1303.03, -177.744)   (129.311, 654.571)
(129.735, 656.72)   (1307.32, -178.345)   (129.735, 656.72)
(130.159, 658.87)   (1311.61, -178.947)   (130.159, 658.87)
(130.583, 661.019)   (1315.91, -179.549)   (130.583, 661.019)
(131.007, 663.168)   (1320.2, -180.151)   (131.007, 663.168)
(131.43, 665.318)   (1324.49, -180.752)   (131.43, 665.318)
(131.854, 667.467)   (1328.78, -181.354)   (131.854, 667.467)
(132.278, 669.616)   (1333.07, -181.956)   (132.278, 669.616)
(132.702, 671.766)   (1337.36, -182.557)   (132.702, 671.766)
(133.126, 673.915)   (1341.65, -183.159)   (133.126, 673.915)
(133.55, 676.065)   (1345.95, -183.761)   (133.55, 676.065)
(133.974, 678.214)   (1350.24, -184.363)   (133.974, 678.214)
(134.398, 680.363)   (1354.53, -184.964)   (134.398, 680.363)
(134.822, 682.513)   (1358.82, -185.566)   (134.822, 682.513)
(135.246, 684.662)   (1363.11, -186.168)   (135.246, 684.662)
(135.67, 686.811)   (1367.4, -186.769)   (135.67, 686.811)
(136.094, 688.961)   (1371.69, -187.371)   (136.094, 688.961)
(136.518, 691.11)   (1375.99, -187.973)   (136.518, 691.11)
(136.942, 693.259)   (1380.28, -188.574)   (136.942, 693.259)
(137.366, 695.409)   (1384.57, -189.176)   (137.366, 695.409)
(137.79, 697.558)   (1388.86, -189.778)   (137.79, 697.558)
(138.214, 699.707)   (1393.15, -190.38)   (138.214, 699.707)
(138.638, 701.857)   (1397.44, -190.981)   (138.638, 701.857)
(139.062, 704.006)   (1401.73, -191.583)   (139.062, 704.006)
(139.486, 706.155)   (1406.03, -192.185)   (139.486, 706.155)
(139.91, 708.305)   (1410.32, -192.786)   (139.91, 708.305)
(140.334, 710.454)   (1414.61, -193.388)   (140.334, 710.454)
(140.758, 712.604)   (1418.9, -193.99)   (140.758, 712.604)
(141.182, 714.753)   (1423.19, -194.591)   (141.182, 714.753)
(141.606, 716.902)   (1427.48, -195.193)   (141.606, 716.902)
(142.03, 719.052)   (1431.77, -195.795)   (142.03, 719.052)
(142.454, 721.201)   (1436.06, -196.396)   (142.454, 721.201)
(142.878, 723.351)   (1440.36, -196.998)   (142.878, 723.351)
(143.303, 725.5)   (1444.65, -197.6)   (143.303, 725.5)
(143.727, 727.65)   (1448.94, -198.202)   (143.727, 727.65)
(144.151, 729.799)   (1453.23, -198.803)   (144.151, 729.799)
(144.575, 731.948)   (1457.52, -199.405)   (144.575, 731.948)
(144.999, 734.098)   (1461.81, -200.007)   (144.999, 734.098)
(145.423, 736.247)   (1466.1, -200.608)   (145.423, 736.247)
(145.847, 738.397)   (1470.4, -201.21)   (145.847, 738.397)
(146.271, 740.546)   (1474.69, -201.812)   (146.271, 740.546)
(146.695, 742.695)   (1478.98, -202.413)   (146.695, 742.695)
(147.119, 744.845)   (1483.27, -203.015)   (147.119, 744.845)
(147.543, 746.994)   (1487.56, -203.617)   (147.543, 746.994)
(147.967, 749.144)   (1491.85, -204.218)   (147.967, 749.144)
(148.391, 751.293)   (1496.14, -204.82)   (148.391, 751.293)
(148.816, 753.443)   (1500.44, -205.422)   (148.816, 753.443)
(149.24, 755.592)   (1504.73, -206.023)   (149.24, 755.592)
(149.664, 757.741)   (1509.02, -206.625)   (149.664, 757.741)
(150.088, 759.891)   (1513.31, -207.227)   (150.088, 759.891)
(150.512, 762.04)   (1517.6, -207.828)   (150.512, 762.04)
(150.936, 764.19)   (1521.89, -208.43)   (150.936, 764.19)
(151.36, 766.339)   (1526.18, -209.032)   (151.36, 766.339)
(151.784, 768.488)   (1530.48, -209.633)   (151.784, 768.488)
(152.208, 770.638)   (1534.77, -210.235)   (152.208, 770.638)
(152.633, 772.787)   (1539.06, -210.836)   (152.633, 772.787)
(153.057, 774.937)   (1543.35, -211.438)   (153.057, 774.937)
(153.481, 777.086)   (1547.64, -212.04)   (153.481, 777.086)
(153.905, 779.235)   (1551.93, -212.641)   (153.905, 779.235)
(154.329, 781.385)   (1556.22, -213.243)   (154.329, 781.385)
(154.753, 783.534)   (1560.51, -213.845)   (154.753, 783.534)
(155.177, 785.684)   (1564.81, -214.446)   (155.177, 785.684)
(155.602, 787.833)   (1569.1, -215.048)   (155.602, 787.833)
(156.026, 789.983)   (1573.39, -215.65)   (156.026, 789.983)
(156.45, 792.132)   (1577.68, -216.251)   (156.45, 792.132)
(156.874, 794.281)   (1581.97, -216.853)   (156.874, 794.281)
(157.298, 796.431)   (1586.26, -217.455)   (157.298, 796.431)
(157.722, 798.58)   (1590.55, -218.056)   (157.722, 798.58)
(158.147, 800.73)   (1594.85, -218.658)   (158.147, 800.73)
(158.571, 802.879)   (1599.14, -219.26)   (158.571, 802.879)
(158.995, 805.028)   (1603.43, -219.861)   (158.995, 805.028)
(159.419, 807.178)   (1607.72, -220.463)   (159.419, 807.178)
(159.843, 809.327)   (1612.01, -221.064)   (159.843, 809.327)
(160.267, 811.477)   (1616.3, -221.666)   (160.267, 811.477)
(160.692, 813.626)   (1620.59, -222.268)   (160.692, 813.626)
(161.116, 815.776)   (1624.89, -222.869)   (161.116, 815.776)
(161.54, 817.925)   (1629.18, -223.471)   (161.54, 817.925)
(161.964, 820.074)   (1633.47, -224.073)   (161.964, 820.074)
(162.388, 822.224)   (1637.76, -224.674)   (162.388, 822.224)
(162.813, 824.373)   (1642.05, -225.276)   (162.813, 824.373)
(163.237, 826.523)   (1646.34, -225.877)   (163.237, 826.523)
(163.661, 828.672)   (1650.63, -226.479)   (163.661, 828.672)
(164.085, 830.821)   (1654.92, -227.081)   (164.085, 830.821)
(164.509, 832.971)   (1659.22, -227.682)   (164.509, 832.971)
(164.934, 835.12)   (1663.51, -228.284)   (164.934, 835.12)
(165.358, 837.27)   (1667.8, -228.886)   (165.358, 837.27)
(165.782, 839.419)   (1672.09, -229.487)   (165.782, 839.419)
(166.206, 841.568)   (1676.38, -230.089)   (166.206, 841.568)
(166.631, 843.718)   (1680.67, -230.69)   (166.631, 843.718)
(167.055, 845.867)   (1684.96, -231.292)   (167.055, 845.867)
(167.479, 848.017)   (1689.25, -231.894)   (167.479, 848.017)
(167.903, 850.166)   (1693.55, -232.495)   (167.903, 850.166)
(168.328, 852.316)   (1697.84, -233.097)   (168.328, 852.316)
(168.752, 854.465)   (1702.13, -233.699)   (168.752, 854.465)
(169.176, 856.614)   (1706.42, -234.3)   (169.176, 856.614)
(169.6, 858.764)   (1710.71, -234.902)   (169.6, 858.764)
(170.025, 860.913)   (1715, -235.503)   (170.025, 860.913)
(170.449, 863.063)   (1719.29, -236.105)   (170.449, 863.063)
(170.873, 865.212)   (1723.58, -236.707)   (170.873, 865.212)
(171.297, 867.361)   (1727.88, -237.308)   (171.297, 867.361)
(171.722, 869.511)   (1732.17, -237.91)   (171.722, 869.511)
(172.146, 871.66)   (1736.46, -238.511)   (172.146, 871.66)
(172.57, 873.81)   (1740.75, -239.113)   (172.57, 873.81)
(172.994, 875.959)   (1745.04, -239.715)   (172.994, 875.959)
(173.419, 878.109)   (1749.33, -240.316)   (173.419, 878.109)
(173.843, 880.258)   (1753.62, -240.918)   (173.843, 880.258)
(174.267, 882.407)   (1757.91, -241.519)   (174.267, 882.407)
(174.691, 884.557)   (1762.21, -242.121)   (174.691, 884.557)
(175.116, 886.706)   (1766.5, -242.723)   (175.116, 886.706)
(175.54, 888.856)   (1770.79, -243.324)   (175.54, 888.856)
(175.964, 891.005)   (1775.08, -243.926)   (175.964, 891.005)
(176.389, 893.154)   (1779.37, -244.527)   (176.389, 893.154)
(176.813, 895.304)   (1783.66, -245.129)   (176.813, 895.304)
(177.237, 897.453)   (1787.95, -245.731)   (177.237, 897.453)
(177.661, 899.603)   (1792.24, -246.332)   (177.661, 899.603)
(178.086, 901.752)   (1796.54, -246.934)   (178.086, 901.752)
(178.51, 903.901)   (1800.83, -247.535)   (178.51, 903.901)
(178.934, 906.051)   (1805.12, -248.137)   (178.934, 906.051)
(179.359, 908.2)   (1809.41, -248.739)   (179.359, 908.2)
(179.783, 910.35)   (1813.7, -249.34)   (179.783, 910.35)
(180.207, 912.499)   (1817.99, -249.942)   (180.207, 912.499)
(180.632, 914.649)   (1822.28, -250.543)   (180.632, 914.649)
(181.056, 916.798)   (1826.57, -251.145)   (181.056, 916.798)
(181.48, 918.947)   (1830.87, -251.747)   (181.48, 918.947)
(181.905, 921.097)   (1835.16, -252.348)   (181.905, 921.097)
(182.329, 923.246)   (1839.45, -252.95)   (182.329, 923.246)
(182.753, 925.396)   (1843.74, -253.551)   (182.753, 925.396)
(183.177, 927.545)   (1848.03, -254.153)   (183.177, 927.545)
(183.602, 929.694)   (1852.32, -254.754)   (183.602, 929.694)
(184.026, 931.844)   (1856.61, -255.356)   (184.026, 931.844)
(184.45, 933.993)   (1860.9, -255.958)   (184.45, 933.993)
(184.875, 936.143)   (1865.2, -256.559)   (184.875, 936.143)
(185.299, 938.292)   (1869.49, -257.161)   (185.299, 938.292)
(185.723, 940.442)   (1873.78, -257.762)   (185.723, 940.442)
(186.148, 942.591)   (1878.07, -258.364)   (186.148, 942.591)
(186.572, 944.74)   (1882.36, -258.966)   (186.572, 944.74)
(186.997, 946.89)   (1886.65, -259.567)   (186.997, 946.89)
(187.421, 949.039)   (1890.94, -260.169)   (187.421, 949.039)
(187.845, 951.189)   (1895.23, -260.77)   (187.845, 951.189)
(188.27, 953.338)   (1899.53, -261.372)   (188.27, 953.338)
(188.694, 955.487)   (1903.82, -261.973)   (188.694, 955.487)
(189.118, 957.637)   (1908.11, -262.575)   (189.118, 957.637)
(189.543, 959.786)   (1912.4, -263.177)   (189.543, 959.786)
(189.967, 961.936)   (1916.69, -263.778)   (189.967, 961.936)
(190.391, 964.085)   (1920.98, -264.38)   (190.391, 964.085)
(190.816, 966.234)   (1925.27, -264.981)   (190.816, 966.234)
(191.24, 968.384)   (1929.56, -265.583)   (191.24, 968.384)
(191.664, 970.533)   (1933.86, -266.184)   (191.664, 970.533)
(192.089, 972.683)   (1938.15, -266.786)   (192.089, 972.683)
(192.513, 974.832)   (1942.44, -267.387)   (192.513, 974.832)
(192.938, 976.982)   (1946.73, -267.989)   (192.938, 976.982)
(193.362, 979.131)   (1951.02, -268.591)   (193.362, 979.131)
(193.786, 981.28)   (1955.31, -269.192)   (193.786, 981.28)
(194.211, 983.43)   (1959.6, -269.794)   (194.211, 983.43)
(194.635, 985.579)   (1963.89, -270.395)   (194.635, 985.579)
(195.059, 987.729)   (1968.19, -270.997)   (195.059, 987.729)
(195.484, 989.878)   (1972.48, -271.598)   (195.484, 989.878)
(195.908, 992.027)   (1976.77, -272.2)   (195.908, 992.027)
(196.333, 994.177)   (1981.06, -272.802)   (196.333, 994.177)
(196.757, 996.326)   (1985.35, -273.403)   (196.757, 996.326)
(197.181, 998.476)   (1989.64, -274.005)   (197.181, 998.476)
(197.606, 1000.63)   (1993.93, -274.606)   (197.606, 1000.63)
(198.03, 1002.77)   (1998.22, -275.208)   (198.03, 1002.77)
(198.455, 1004.92)   (2002.52, -275.809)   (198.455, 1004.92)
(198.879, 1007.07)   (2006.81, -276.411)   (198.879, 1007.07)
(199.303, 1009.22)   (2011.1, -277.012)   (199.303, 1009.22)
(199.728, 1011.37)   (2015.39, -277.614)   (199.728, 1011.37)
(200.152, 1013.52)   (2019.68, -278.216)   (200.152, 1013.52)
(200.577, 1015.67)   (2023.97, -278.817)   (200.577, 1015.67)
(201.001, 1017.82)   (2028.26, -279.419)   (201.001, 1017.82)
(201.425, 1019.97)   (2032.56, -280.02)   (201.425, 1019.97)
(201.85, 1022.12)   (2036.85, -280.622)   (201.85, 1022.12)
(202.274, 1024.27)   (2041.14, -281.223)   (202.274, 1024.27)
(202.699, 1026.42)   (2045.43, -281.825)   (202.699, 1026.42)
(203.123, 1028.57)   (2049.72, -282.427)   (203.123, 1028.57)
(203.548, 1030.72)   (2054.01, -283.028)   (203.548, 1030.72)
(203.972, 1032.87)   (2058.3, -283.63)   (203.972, 1032.87)
(204.396, 1035.02)   (2062.59, -284.231)   (204.396, 1035.02)
(204.821, 1037.17)   (2066.89, -284.833)   (204.821, 1037.17)
(205.245, 1039.31)   (2071.18, -285.434)   (205.245, 1039.31)
(205.67, 1041.46)   (2075.47, -286.036)   (205.67, 1041.46)
(206.094, 1043.61)   (2079.76, -286.637)   (206.094, 1043.61)
(206.519, 1045.76)   (2084.05, -287.239)   (206.519, 1045.76)
(206.943, 1047.91)   (2088.34, -287.84)   (206.943, 1047.91)
(207.367, 1050.06)   (2092.63, -288.442)   (207.367, 1050.06)
(207.792, 1052.21)   (2096.92, -289.044)   (207.792, 1052.21)
(208.216, 1054.36)   (2101.22, -289.645)   (208.216, 1054.36)
(208.641, 1056.51)   (2105.51, -290.247)   (208.641, 1056.51)
(209.065, 1058.66)   (2109.8, -290.848)   (209.065, 1058.66)
(209.49, 1060.81)   (2114.09, -291.45)   (209.49, 1060.81)
(209.914, 1062.96)   (2118.38, -292.051)   (209.914, 1062.96)
(210.339, 1065.11)   (2122.67, -292.653)   (210.339, 1065.11)
(210.763, 1067.26)   (2126.96, -293.254)   (210.763, 1067.26)
(211.187, 1069.41)   (2131.25, -293.856)   (211.187, 1069.41)
(211.612, 1071.56)   (2135.55, -294.457)   (211.612, 1071.56)
(212.036, 1073.71)   (2139.84, -295.059)   (212.036, 1073.71)
(212.461, 1075.85)   (2144.13, -295.66)   (212.461, 1075.85)
(212.885, 1078)   (2148.42, -296.262)   (212.885, 1078)
(213.31, 1080.15)   (2152.71, -296.863)   (213.31, 1080.15)
(213.734, 1082.3)   (2157, -297.465)   (213.734, 1082.3)
(214.159, 1084.45)   (2161.29, -298.066)   (214.159, 1084.45)
(214.583, 1086.6)   (2165.58, -298.668)   (214.583, 1086.6)
(215.008, 1088.75)   (2169.88, -299.27)   (215.008, 1088.75)
(215.432, 1090.9)   (2174.17, -299.871)   (215.432, 1090.9)
(215.857, 1093.05)   (2178.46, -300.473)   (215.857, 1093.05)
(216.281, 1095.2)   (2182.75, -301.074)   (216.281, 1095.2)
(216.705, 1097.35)   (2187.04, -301.676)   (216.705, 1097.35)
(217.13, 1099.5)   (2191.33, -302.277)   (217.13, 1099.5)
(217.554, 1101.65)   (2195.62, -302.879)   (217.554, 1101.65)
(217.979, 1103.8)   (2199.91, -303.48)   (217.979, 1103.8)
(218.403, 1105.95)   (2204.21, -304.082)   (218.403, 1105.95)
(218.828, 1108.1)   (2208.5, -304.683)   (218.828, 1108.1)
(219.252, 1110.25)   (2212.79, -305.285)   (219.252, 1110.25)
(219.677, 1112.39)   (2217.08, -305.886)   (219.677, 1112.39)
(220.101, 1114.54)   (2221.37, -306.488)   (220.101, 1114.54)
(220.526, 1116.69)   (2225.66, -307.089)   (220.526, 1116.69)
(220.95, 1118.84)   (2229.95, -307.691)   (220.95, 1118.84)
(221.375, 1120.99)   (2234.24, -308.293)   (221.375, 1120.99)
(221.799, 1123.14)   (2238.54, -308.894)   (221.799, 1123.14)
(222.224, 1125.29)   (2242.83, -309.496)   (222.224, 1125.29)
(222.648, 1127.44)   (2247.12, -310.097)   (222.648, 1127.44)
(223.073, 1129.59)   (2251.41, -310.699)   (223.073, 1129.59)
(223.497, 1131.74)   (2255.7, -311.3)   (223.497, 1131.74)
(223.922, 1133.89)   (2259.99, -311.902)   (223.922, 1133.89)
(224.346, 1136.04)   (2264.28, -312.503)   (224.346, 1136.04)
(224.771, 1138.19)   (2268.57, -313.105)   (224.771, 1138.19)
(225.195, 1140.34)   (2272.87, -313.706)   (225.195, 1140.34)
(225.62, 1142.49)   (2277.16, -314.308)   (225.62, 1142.49)
(226.044, 1144.64)   (2281.45, -314.909)   (226.044, 1144.64)
(226.469, 1146.79)   (2285.74, -315.511)   (226.469, 1146.79)
(226.893, 1148.93)   (2290.03, -316.112)   (226.893, 1148.93)
(227.318, 1151.08)   (2294.32, -316.714)   (227.318, 1151.08)
(227.742, 1153.23)   (2298.61, -317.316)   (227.742, 1153.23)
(228.167, 1155.38)   (2302.9, -317.917)   (228.167, 1155.38)
(228.591, 1157.53)   (2307.2, -318.519)   (228.591, 1157.53)
(229.016, 1159.68)   (2311.49, -319.12)   (229.016, 1159.68)
(229.44, 1161.83)   (2315.78, -319.722)   (229.44, 1161.83)
(229.865, 1163.98)   (2320.07, -320.323)   (229.865, 1163.98)
(230.289, 1166.13)   (2324.36, -320.925)   (230.289, 1166.13)
(230.714, 1168.28)   (2328.65, -321.526)   (230.714, 1168.28)
(231.139, 1170.43)   (2332.94, -322.128)   (231.139, 1170.43)
(231.563, 1172.58)   (2337.23, -322.729)   (231.563, 1172.58)
(231.988, 1174.73)   (2341.53, -323.331)   (231.988, 1174.73)
(232.412, 1176.88)   (2345.82, -323.932)   (232.412, 1176.88)
(232.837, 1179.03)   (2350.11, -324.534)   (232.837, 1179.03)
(233.261, 1181.18)   (2354.4, -325.135)   (233.261, 1181.18)
(233.686, 1183.33)   (2358.69, -325.737)   (233.686, 1183.33)
(234.11, 1185.47)   (2362.98, -326.338)   (234.11, 1185.47)
(234.535, 1187.62)   (2367.27, -326.94)   (234.535, 1187.62)
(234.959, 1189.77)   (2371.56, -327.541)   (234.959, 1189.77)
(235.384, 1191.92)   (2375.86, -328.143)   (235.384, 1191.92)
(235.808, 1194.07)   (2380.15, -328.744)   (235.808, 1194.07)
(236.233, 1196.22)   (2384.44, -329.346)   (236.233, 1196.22)
(236.658, 1198.37)   (2388.73, -329.947)   (236.658, 1198.37)
(237.082, 1200.52)   (2393.02, -330.549)   (237.082, 1200.52)
(237.507, 1202.67)   (2397.31, -331.15)   (237.507, 1202.67)
(237.931, 1204.82)   (2401.6, -331.752)   (237.931, 1204.82)
(238.356, 1206.97)   (2405.89, -332.353)   (238.356, 1206.97)
(238.78, 1209.12)   (2410.19, -332.955)   (238.78, 1209.12)
(239.205, 1211.27)   (2414.48, -333.556)   (239.205, 1211.27)
(239.629, 1213.42)   (2418.77, -334.158)   (239.629, 1213.42)
(240.054, 1215.57)   (2423.06, -334.759)   (240.054, 1215.57)
(240.478, 1217.72)   (2427.35, -335.361)   (240.478, 1217.72)
(240.903, 1219.87)   (2431.64, -335.962)   (240.903, 1219.87)
(241.328, 1222.01)   (2435.93, -336.564)   (241.328, 1222.01)
(241.752, 1224.16)   (2440.22, -337.165)   (241.752, 1224.16)
(242.177, 1226.31)   (2444.52, -337.767)   (242.177, 1226.31)
(242.601, 1228.46)   (2448.81, -338.368)   (242.601, 1228.46)
(243.026, 1230.61)   (2453.1, -338.97)   (243.026, 1230.61)
(243.45, 1232.76)   (2457.39, -339.571)   (243.45, 1232.76)
(243.875, 1234.91)   (2461.68, -340.173)   (243.875, 1234.91)
(244.299, 1237.06)   (2465.97, -340.774)   (244.299, 1237.06)
(244.724, 1239.21)   (2470.26, -341.376)   (244.724, 1239.21)
(245.149, 1241.36)   (2474.55, -341.977)   (245.149, 1241.36)
(245.573, 1243.51)   (2478.85, -342.579)   (245.573, 1243.51)
(245.998, 1245.66)   (2483.14, -343.18)   (245.998, 1245.66)
(246.422, 1247.81)   (2487.43, -343.782)   (246.422, 1247.81)
(246.847, 1249.96)   (2491.72, -344.383)   (246.847, 1249.96)
(247.272, 1252.11)   (2496.01, -344.985)   (247.272, 1252.11)
(247.696, 1254.26)   (2500.3, -345.586)   (247.696, 1254.26)
(248.121, 1256.41)   (2504.59, -346.188)   (248.121, 1256.41)
(248.545, 1258.55)   (2508.89, -346.789)   (248.545, 1258.55)
(248.97, 1260.7)   (2513.18, -347.391)   (248.97, 1260.7)
(249.394, 1262.85)   (2517.47, -347.992)   (249.394, 1262.85)
(249.819, 1265)   (2521.76, -348.594)   (249.819, 1265)
(250.244, 1267.15)   (2526.05, -349.195)   (250.244, 1267.15)
(250.668, 1269.3)   (2530.34, -349.797)   (250.668, 1269.3)
(251.093, 1271.45)   (2534.63, -350.398)   (251.093, 1271.45)
(251.517, 1273.6)   (2538.92, -351)   (251.517, 1273.6)
(251.942, 1275.75)   (2543.22, -351.601)   (251.942, 1275.75)
(252.367, 1277.9)   (2547.51, -352.203)   (252.367, 1277.9)
(252.791, 1280.05)   (2551.8, -352.804)   (252.791, 1280.05)
(253.216, 1282.2)   (2556.09, -353.406)   (253.216, 1282.2)
(253.64, 1284.35)   (2560.38, -354.007)   (253.64, 1284.35)
(254.065, 1286.5)   (2564.67, -354.609)   (254.065, 1286.5)
(254.49, 1288.65)   (2568.96, -355.21)   (254.49, 1288.65)
(254.914, 1290.8)   (2573.25, -355.812)   (254.914, 1290.8)
(255.339, 1292.95)   (2577.55, -356.413)   (255.339, 1292.95)
(255.763, 1295.09)   (2581.84, -357.015)   (255.763, 1295.09)
(256.188, 1297.24)   (2586.13, -357.616)   (256.188, 1297.24)
(256.612, 1299.39)   (2590.42, -358.218)   (256.612, 1299.39)
(257.037, 1301.54)   (2594.71, -358.819)   (257.037, 1301.54)
(257.462, 1303.69)   (2599, -359.421)   (257.462, 1303.69)
(257.886, 1305.84)   (2603.29, -360.022)   (257.886, 1305.84)
(258.311, 1307.99)   (2607.58, -360.623)   (258.311, 1307.99)
(258.736, 1310.14)   (2611.88, -361.225)   (258.736, 1310.14)
(259.16, 1312.29)   (2616.17, -361.826)   (259.16, 1312.29)
(259.585, 1314.44)   (2620.46, -362.428)   (259.585, 1314.44)
(260.009, 1316.59)   (2624.75, -363.029)   (260.009, 1316.59)
(260.434, 1318.74)   (2629.04, -363.631)   (260.434, 1318.74)
(260.859, 1320.89)   (2633.33, -364.232)   (260.859, 1320.89)
(261.283, 1323.04)   (2637.62, -364.834)   (261.283, 1323.04)
(261.708, 1325.19)   (2641.91, -365.435)   (261.708, 1325.19)
(262.132, 1327.34)   (2646.21, -366.037)   (262.132, 1327.34)
